calibrate_tf_broadcaster:
  x: -0.3138372131811811
  y: -0.1981942856550482
  z: 1.034483091091421
  qx: -0.7000517201927936
  qy: 0.6932544532762853
  qz: -0.03854077677482334
  qw: 0.1668546091461143